1780487713970 2.4092731692574243 0
1780487719458 2.0663102756847036 1
1780487724954 1.9696648120880127 2
1780487730442 1.9575528231534092 3
1780487736238 1.8713173974644055 4
1780487741998 1.7676940072666516 5
1780487747682 1.6814211173491045 6
1780487753452 1.6820243163542314 7
1780487759199 1.6605573675849221 8
1780487764933 1.5183239741758867 9
1780487770601 1.5476961786096746 10
1780487776023 1.525417522950606 11
1780487781506 1.5061405463652178 12
1780487786882 1.4186689420179888 13
1780487792331 1.4956089041449807 14
1780487797706 1.3887588327581233 15
1780487803093 1.4011914513327859 16
1780487808494 1.3816378658468074 17
1780487813898 1.3625788688659668 18
1780487819235 1.344194466417486 19
1780487824539 1.357398661700162 20
1780487829933 1.3023054166273638 21
1780487835277 1.3444955132224343 22
1780487840547 1.2596908374266191 23
1780487845954 1.2630010843276978 24
