1780487713970 17.925925925925927 0
1780487719458 28.14814814814815 1
1780487724954 31.11111111111111 2
1780487730442 31.85185185185185 3
1780487736238 33.03703703703704 4
1780487741998 36.2962962962963 5
1780487747682 39.111111111111114 6
1780487753452 36.44444444444444 7
1780487759199 38.81481481481482 8
1780487764933 43.851851851851855 9
1780487770601 43.25925925925926 10
1780487776023 44.2962962962963 11
1780487781506 43.7037037037037 12
1780487786882 46.51851851851852 13
1780487792331 43.407407407407405 14
1780487797706 46.370370370370374 15
1780487803093 46.666666666666664 16
1780487808494 45.629629629629626 17
1780487813898 48.2962962962963 18
1780487819235 48.148148148148145 19
1780487824539 47.7037037037037 20
1780487829933 52.888888888888886 21
1780487835277 46.22222222222222 22
1780487840547 50.81481481481482 23
1780487845954 51.7037037037037 24
