1780488362930 21.925925925925927 0
1780488368451 30.814814814814813 1
1780488374031 32.0 2
1780488379965 32.44444444444444 3
1780488385639 36.148148148148145 4
1780488391233 36.0 5
1780488396766 39.851851851851855 6
1780488402350 37.48148148148148 7
1780488407923 40.888888888888886 8
1780488413436 40.0 9
1780488419007 39.851851851851855 10
1780488424479 42.96296296296296 11
1780488430140 45.03703703703704 12
1780488435602 46.370370370370374 13
1780488441395 42.96296296296296 14
1780488446907 46.96296296296296 15
1780488452470 44.888888888888886 16
1780488457815 46.96296296296296 17
1780488463506 46.370370370370374 18
1780488468956 49.629629629629626 19
1780488474402 48.148148148148145 20
1780488479933 48.888888888888886 21
1780488485446 47.851851851851855 22
1780488490887 48.148148148148145 23
1780488496297 48.592592592592595 24
1780488501739 46.666666666666664 25
