1780488362930 2.3840432383797387 0
1780488368451 2.1592838872562754 1
1780488374031 1.9590390595522793 2
1780488379965 1.9580086794766514 3
1780488385639 1.8112333904613147 4
1780488391233 1.739418701692061 5
1780488396766 1.7227269411087036 6
1780488402350 1.6642812165347012 7
1780488407923 1.588023142381148 8
1780488413436 1.5966129302978516 9
1780488419007 1.570385683666576 10
1780488424479 1.5097265677018599 11
1780488430140 1.4587058695879849 12
1780488435602 1.381765896623785 13
1780488441395 1.476797179742293 14
1780488446907 1.3524271249771118 15
1780488452470 1.4226567311720415 16
1780488457815 1.3720111738551746 17
1780488463506 1.372023192319003 18
1780488468956 1.3855806589126587 19
1780488474402 1.3215833793986926 20
1780488479933 1.3503589305010708 21
1780488485446 1.3437647927891125 22
1780488490887 1.3534860827706077 23
1780488496297 1.3061892823739485 24
1780488501739 1.3257207653739236 25
