1780487936575 21.77777777777778 0
1780487942045 26.666666666666668 1
1780487947906 29.037037037037038 2
1780487953645 34.81481481481482 3
1780487959121 36.44444444444444 4
1780487964667 36.148148148148145 5
1780487970120 38.96296296296296 6
1780487975382 38.370370370370374 7
1780487980910 42.96296296296296 8
1780487986845 42.370370370370374 9
1780487992446 40.592592592592595 10
1780487997945 44.44444444444444 11
1780488003364 45.925925925925924 12
1780488008856 45.77777777777778 13
1780488014470 44.888888888888886 14
1780488020105 43.407407407407405 15
1780488025528 46.666666666666664 16
1780488031368 45.48148148148148 17
1780488036648 46.370370370370374 18
1780488041991 47.7037037037037 19
1780488047332 48.44444444444444 20
1780488052640 52.44444444444444 21
1780488057995 50.666666666666664 22
1780488063310 51.111111111111114 23
1780488068847 52.0 24
1780488074278 50.96296296296296 25
1780488079761 50.22222222222222 26
1780488085165 52.44444444444444 27
1780488090344 54.370370370370374 28
1780488095473 53.925925925925924 29
1780488100661 50.074074074074076 30
1780488105849 53.18518518518518 31
1780488111018 52.2962962962963 32
