1780487936575 2.375756783918901 0
1780487942045 2.115470203486356 1
1780487947906 2.0476279583844272 2
1780487953645 1.929323510690169 3
1780487959121 1.8509839556433938 4
1780487964667 1.7703089930794456 5
1780487970120 1.7148589220913975 6
1780487975382 1.6075789711692117 7
1780487980910 1.5214424241672864 8
1780487986845 1.5349292430010708 9
1780487992446 1.6489421671087092 10
1780487997945 1.464572462168607 11
1780488003364 1.4680952592329546 12
1780488008856 1.435085567561063 13
1780488014470 1.4552925066514448 14
1780488020105 1.4721931977705522 15
1780488025528 1.410292625427246 16
1780488031368 1.3738606843081387 17
1780488036648 1.3747826164419001 18
1780488041991 1.3845023350282148 19
1780488047332 1.305484414100647 20
1780488052640 1.2560325969349255 21
1780488057995 1.3417908278378574 22
1780488063310 1.2669417966495862 23
1780488068847 1.2435276508331299 24
1780488074278 1.307298096743497 25
1780488079761 1.264147769321095 26
1780488085165 1.2263956286690452 27
1780488090344 1.1820939562537454 28
1780488095473 1.2142932306636463 29
1780488100661 1.2532641779292713 30
1780488105849 1.240542086687955 31
1780488111018 1.2269048474051736 32
