1780488685288 2.416229486465454 0
1780488690730 2.08746092969721 1
1780488696248 1.954597689888694 2
1780488701639 1.8365485884926536 3
1780488707142 1.7066162607886575 4
1780488712316 1.7125631028955632 5
1780488717489 1.6925107674165205 6
1780488722788 1.6322533759203823 7
1780488728077 1.564318678595803 8
1780488733275 1.597083254293962 9
1780488738465 1.5408694635738025 10
1780488743758 1.5062036189165982 11
1780488749389 1.4512754570354114 12
1780488754787 1.419319293715737 13
1780488760475 1.4317788861014626 14
1780488765889 1.4852221012115479 15
1780488771426 1.3658213290301235 16
1780488776843 1.3720297488299282 17
1780488782458 1.3523127599196 18
1780488787908 1.3188521428541704 19
1780488793377 1.3386185602708296 20
1780488798974 1.3232207515022971 21
1780488804460 1.339522816918113 22
1780488809898 1.271652178330855 23
1780488815452 1.2861850586804477 24
1780488821035 1.321325042031028 25
1780488826779 1.2849205407229336 26
1780488832368 1.2506513812325217 27
1780488837870 1.257245735688643 28
1780488843650 1.3075573661110618 29
1780488848992 1.2548101056705823 30
1780488854407 1.1456708745522932 31
1780488859828 1.2430498600006104 32
1780488865178 1.1405312473123723 33
1780488870737 1.1772387461228804 34
1780488876110 1.2057503407651728 35
1780488881509 1.1723103631626477 36
1780488886942 1.2044031078165227 37
1780488892339 1.1767924590544268 38
1780488897751 1.1720439195632935 39
1780488903092 1.1256280649792065 40
1780488908560 1.1330259442329407 41
1780488913858 1.134798521345312 42
1780488919312 1.146507664160295 43
1780488924648 1.1490106528455561 44
1780488930001 1.1428896188735962 45
1780488935427 1.156365156173706 46
1780488940819 1.1521342667666348 47
1780488946398 1.1168360059911555 48
1780488951889 1.0780038887804204 49
1780488957378 1.0874168060042642 50
1780488963227 1.0949858914722095 51
1780488968722 1.1344205249439587 52
1780488974269 1.073587721044367 53
1780488979723 1.0917032523588701 54
1780488985138 1.1093782457438381 55
1780488990639 1.0879264636473223 56
1780488996128 1.1417442614381963 57
1780489001646 1.0843410221013157 58
1780489007220 1.0765307762406089 59
1780489012649 1.0511834079569036 60
1780489018115 1.0286032123999163 61
1780489023600 1.0616627443920483 62
1780489029099 1.052081752907146 63
1780489034584 1.0220542387528853 64
1780489040057 1.0481124195185574 65
1780489045553 1.074660442092202 66
1780489050987 1.0075186761942776 67
1780489056416 1.0167380571365356 68
1780489062058 1.0402995239604602 69
1780489067462 1.0131320844997058 70
1780489072935 1.067135908386924 71
1780489078429 0.9315124533393166 72
1780489083820 0.9759931347586892 73
1780489089155 0.9977754083546725 74
1780489094544 0.9745443409139459 75
1780489099919 0.9967285123738375 76
1780489105258 1.0055408694527366 77
1780489110551 0.9982169812375848 78
