1780488685288 20.0 0
1780488690730 30.814814814814813 1
1780488696248 31.703703703703702 2
1780488701639 34.666666666666664 3
1780488707142 37.03703703703704 4
1780488712316 38.074074074074076 5
1780488717489 38.51851851851852 6
1780488722788 37.629629629629626 7
1780488728077 43.25925925925926 8
1780488733275 40.888888888888886 9
1780488738465 42.370370370370374 10
1780488743758 44.0 11
1780488749389 45.18518518518518 12
1780488754787 47.111111111111114 13
1780488760475 42.666666666666664 14
1780488765889 41.925925925925924 15
1780488771426 48.0 16
1780488776843 47.111111111111114 17
1780488782458 46.81481481481482 18
1780488787908 49.77777777777778 19
1780488793377 46.51851851851852 20
1780488798974 48.592592592592595 21
1780488804460 46.074074074074076 22
1780488809898 50.81481481481482 23
1780488815452 48.888888888888886 24
1780488821035 51.25925925925926 25
1780488826779 48.74074074074074 26
1780488832368 53.18518518518518 27
1780488837870 51.407407407407405 28
1780488843650 50.51851851851852 29
1780488848992 50.51851851851852 30
1780488854407 54.81481481481482 31
1780488859828 52.888888888888886 32
1780488865178 54.22222222222222 33
1780488870737 53.03703703703704 34
1780488876110 52.2962962962963 35
1780488881509 53.629629629629626 36
1780488886942 54.370370370370374 37
1780488892339 54.22222222222222 38
1780488897751 53.925925925925924 39
1780488903092 55.407407407407405 40
1780488908560 54.666666666666664 41
1780488913858 55.25925925925926 42
1780488919312 56.148148148148145 43
1780488924648 54.51851851851852 44
1780488930001 55.851851851851855 45
1780488935427 53.925925925925924 46
1780488940819 56.592592592592595 47
1780488946398 56.2962962962963 48
1780488951889 58.51851851851852 49
1780488957378 55.407407407407405 50
1780488963227 55.111111111111114 51
1780488968722 56.148148148148145 52
1780488974269 57.77777777777778 53
1780488979723 58.074074074074076 54
1780488985138 57.48148148148148 55
1780488990639 59.55555555555556 56
1780488996128 54.96296296296296 57
1780489001646 58.51851851851852 58
1780489007220 59.851851851851855 59
1780489012649 57.48148148148148 60
1780489018115 57.03703703703704 61
1780489023600 58.81481481481482 62
1780489029099 56.74074074074074 63
1780489034584 59.111111111111114 64
1780489040057 59.55555555555556 65
1780489045553 58.370370370370374 66
1780489050987 61.925925925925924 67
1780489056416 61.03703703703704 68
1780489062058 58.96296296296296 69
1780489067462 58.22222222222222 70
1780489072935 55.7037037037037 71
1780489078429 64.74074074074075 72
1780489083820 60.2962962962963 73
1780489089155 59.55555555555556 74
1780489094544 61.925925925925924 75
1780489099919 61.03703703703704 76
1780489105258 60.74074074074074 77
1780489110551 59.407407407407405 78
